[gd_scene load_steps=4 format=3 uid="uid://bs3vo61qf4f3q"]

[ext_resource type="Script" path="res://assets/character/character_body_3d.gd" id="1_403j2"]
[ext_resource type="PackedScene" uid="uid://d1x1qunaqoapt" path="res://player_ring.blend" id="2_7u1wd"]

[sub_resource type="CylinderShape3D" id="CylinderShape3D_17ljg"]
height = 0.0924039
radius = 0.880149

[node name="CharacterBody3D" type="CharacterBody3D"]
transform = Transform3D(0.677942, 0.735116, 0, -0.735116, 0.677942, 0, 0, 0, 1, 0, 0.00068137, 0)
script = ExtResource("1_403j2")

[node name="Skeleton3D" type="Skeleton3D" parent="."]
transform = Transform3D(-0.571674, -0.11348, 0.812596, -0.820481, 0.0790676, -0.566179, 0, -0.990389, -0.138309, 0.000815372, 0.00132241, 0)

[node name="player_ring" parent="Skeleton3D" instance=ExtResource("2_7u1wd")]
transform = Transform3D(0.266263, 0.00317927, 0.963896, 0.133316, 0.990263, -0.040093, -0.954637, 0.139178, 0.263246, 0.00507197, 0.000387285, -0.00277323)

[node name="CollisionShape3D" type="CollisionShape3D" parent="."]
physics_interpolation_mode = 1
transform = Transform3D(-0.918794, -0.071862, 0.388141, -0.392755, 0.0680011, -0.917126, 0.0395125, -0.995094, -0.0907031, 0.00643239, -0.0594032, -0.104661)
shape = SubResource("CylinderShape3D_17ljg")
